1.000000000 0.000000000 0.000000000 0.000000000 0.000000000 0.999999940 0.000000000 -0.000000000 0.000000000 0.000000000 0.999999940 0.000000000
1.000000000 -0.000042266 0.000120832 -0.000177350 0.000042243 0.999999940 0.000189769 -0.000316901 -0.000120840 -0.000189764 0.999999940 0.000134081
1.000000000 0.000126246 0.000103414 -0.000178135 -0.000126223 0.999999881 -0.000214025 0.000454350 -0.000103441 0.000214012 0.999999940 0.000240658
1.000000000 0.000203184 -0.000030256 0.000139975 -0.000203182 0.999999940 0.000070089 -0.000046379 0.000030271 -0.000070083 0.999999940 0.000046707
1.000000000 0.000194535 0.000045126 -0.000076860 -0.000194530 0.999999940 -0.000102396 0.000351004 -0.000045145 0.000102387 0.999999940 0.000165733
0.999999940 0.000279294 0.000280669 -0.000178115 -0.000279373 0.999999881 0.000281127 -0.000282644 -0.000280590 -0.000281205 0.999999881 0.000423709
0.999999881 0.000129227 0.000497596 0.000019356 -0.000129206 0.999999940 -0.000042163 -0.000006908 -0.000497601 0.000042099 0.999999821 0.000320941
0.999999881 0.000350493 0.000325806 -0.000027873 -0.000350529 0.999999881 0.000111166 -0.000015450 -0.000325767 -0.000111280 0.999999881 0.000164759
0.999999642 0.000275230 0.000813559 0.000049377 -0.000275444 0.999999881 0.000262790 -0.000051027 -0.000813486 -0.000263014 0.999999583 0.000638079
0.999999702 0.000285916 0.000688877 -0.000344846 -0.000286318 0.999999702 0.000584366 -0.000895969 -0.000688709 -0.000584563 0.999999523 0.000607591
0.999999940 0.000176599 0.000293540 -0.000021458 -0.000176695 0.999999881 0.000324219 -0.000395162 -0.000293482 -0.000324270 0.999999821 0.000401321
1.000000000 0.000136390 0.000156319 -0.000272643 -0.000136318 0.999999821 -0.000463408 0.000866810 -0.000156382 0.000463387 0.999999821 0.000136812
1.000000000 -0.000053461 0.000175695 -0.000141509 0.000053438 0.999999940 0.000128175 -0.000159951 -0.000175701 -0.000128166 0.999999940 0.000121346
0.999999821 0.000231569 0.000510502 0.000076336 -0.000231582 0.999999940 0.000025300 -0.000024599 -0.000510496 -0.000025418 0.999999821 0.000480114
0.999997556 0.000284046 0.002194625 0.000265440 -0.000284427 0.999999881 0.000173298 0.000163383 -0.002194575 -0.000173921 0.999997497 0.000833863
0.999999166 -0.000147588 0.001304064 -0.001086615 0.000148042 0.999999881 -0.000348273 0.000570823 -0.001304012 0.000348466 0.999999046 0.000156900
0.999999702 -0.000578994 0.000505519 0.000388226 0.000579036 0.999999762 -0.000082732 -0.000585414 -0.000505470 0.000083025 0.999999821 0.000382896
0.999999642 -0.000476817 -0.000672928 -0.000568985 0.000476323 0.999999583 -0.000734458 0.001166009 0.000673278 0.000734137 0.999999464 0.000644367
0.999999702 -0.000472732 -0.000575436 -0.000199915 0.000472903 0.999999762 0.000297302 -0.000040065 0.000575296 -0.000297574 0.999999702 -0.000296357
0.999999583 -0.000741322 -0.000509531 0.000039707 0.000741490 0.999999583 0.000330440 0.000789580 0.000509286 -0.000330818 0.999999762 0.001226917
0.999999821 -0.000493149 -0.000319872 -0.000059244 0.000493292 0.999999702 0.000446764 0.000149136 0.000319652 -0.000446921 0.999999762 0.000463581
0.999999881 -0.000286468 -0.000359763 0.000431537 0.000286722 0.999999642 0.000707705 0.000155201 0.000359560 -0.000707808 0.999999642 0.000129464
0.999999821 -0.000496281 0.000281996 -0.000633958 0.000496000 0.999999344 0.000995044 -0.000608867 -0.000282489 -0.000994904 0.999999404 0.000179104
1.000000000 -0.000134844 0.000058828 -0.000544458 0.000134837 0.999999940 0.000106261 0.000920666 -0.000058842 -0.000106253 0.999999940 0.000376088
0.999999762 -0.000444761 -0.000542779 0.000464016 0.000445235 0.999999464 0.000873390 -0.000480219 0.000542391 -0.000873631 0.999999404 0.000316195
1.000000000 -0.000191933 -0.000071651 -0.000696349 0.000191948 0.999999881 0.000201290 0.000433465 0.000071613 -0.000201304 0.999999940 0.000281503
0.999999881 0.000418630 -0.000072631 -0.000151161 -0.000418613 0.999999821 0.000239180 0.000101793 0.000072731 -0.000239149 0.999999881 0.000201303
1.000000000 0.000016902 -0.000242127 0.000170285 -0.000016851 0.999999940 0.000210589 -0.000471528 0.000242131 -0.000210585 0.999999881 -0.000348753
1.000000000 0.000086021 0.000103990 -0.000180425 -0.000086058 0.999999881 0.000348142 -0.000559499 -0.000103960 -0.000348151 0.999999881 0.000116776
1.000000000 0.000091604 0.000154203 -0.000002630 -0.000091604 0.999999940 0.000000430 -0.000007810 -0.000154202 -0.000000444 0.999999940 0.000152830
0.999999940 0.000245246 0.000153289 0.000021822 -0.000245202 0.999999881 -0.000284223 0.000512521 -0.000153358 0.000284186 0.999999881 0.000082951
1.000000000 0.000156388 0.000141270 -0.000002802 -0.000156383 0.999999940 -0.000038773 0.000010640 -0.000141276 0.000038751 0.999999940 0.000039887
1.000000000 0.000111442 0.000025249 -0.000006959 -0.000111443 0.999999940 0.000042910 -0.000000250 -0.000025244 -0.000042913 0.999999940 -0.000049264
0.999999940 0.000184501 0.000191354 -0.000039704 -0.000184465 0.999999881 -0.000192285 0.000283494 -0.000191389 0.000192250 0.999999881 0.000138058
1.000000000 0.000037865 0.000079119 -0.000028348 -0.000037860 0.999999940 -0.000066503 -0.000012150 -0.000079121 0.000066500 0.999999940 0.000050303
1.000000000 -0.000009829 0.000049562 -0.000072021 0.000009823 0.999999940 0.000128895 -0.000282068 -0.000049563 -0.000128895 0.999999940 -0.000094570
1.000000000 0.000066781 0.000211977 -0.000292314 -0.000066822 0.999999940 0.000193575 -0.000372874 -0.000211964 -0.000193589 0.999999881 0.000092467
1.000000000 0.000202871 0.000073075 -0.000166493 -0.000202872 0.999999940 0.000007855 0.000004907 -0.000073073 -0.000007870 0.999999940 0.000095477
1.000000000 0.000078310 0.000080310 -0.000050271 -0.000078288 0.999999881 -0.000272480 0.000468762 -0.000080331 0.000272474 0.999999881 0.000250035
1.000000000 0.000127575 0.000013322 0.000050722 -0.000127576 0.999999940 0.000076590 -0.000123563 -0.000013312 -0.000076591 0.999999940 0.000234433
1.000000000 -0.000085319 0.000040293 -0.000013885 0.000085321 0.999999940 -0.000043707 -0.000029293 -0.000040289 0.000043711 0.999999940 0.000175820
1.000000000 0.000015263 0.000163705 -0.000390758 -0.000015311 0.999999881 0.000294347 -0.000578046 -0.000163700 -0.000294350 0.999999881 0.000248382
1.000000000 0.000176914 -0.000002392 0.000095953 -0.000176914 0.999999940 -0.000001171 0.000007796 0.000002393 0.000001172 0.999999940 0.000273746
1.000000000 0.000149427 0.000112970 -0.000140821 -0.000149420 0.999999940 -0.000055090 0.000179579 -0.000112978 0.000055073 0.999999940 0.000267662
1.000000000 0.000061553 0.000060189 -0.000043487 -0.000061551 0.999999940 -0.000041261 0.000012688 -0.000060191 0.000041257 0.999999940 0.000009117
0.999999881 0.000274474 0.000358819 -0.000506888 -0.000274467 0.999999881 -0.000018545 0.000184630 -0.000358823 0.000018446 0.999999881 0.000685658
0.999999940 0.000210997 0.000156967 -0.000290921 -0.000210995 0.999999940 -0.000006652 0.000176138 -0.000156968 0.000006619 0.999999940 0.000229475
1.000000000 0.000104977 0.000042889 -0.000036219 -0.000104979 0.999999940 0.000030398 0.000003688 -0.000042886 -0.000030403 0.999999940 0.000014832
1.000000000 0.000034415 0.000065335 -0.000236393 -0.000034422 0.999999940 0.000104394 -0.000163991 -0.000065331 -0.000104396 0.999999940 -0.000036908
1.000000000 0.000042711 -0.000025466 -0.000033404 -0.000042712 0.999999940 -0.000006324 -0.000006818 0.000025466 0.000006325 0.999999940 0.000030231
0.999999940 0.000412711 0.000005617 -0.000276635 -0.000412708 0.999999762 -0.000491128 0.000527759 -0.000005820 0.000491126 0.999999821 0.000036681
0.999999881 0.000371937 0.000365253 -0.000842057 -0.000371941 0.999999881 0.000010487 -0.001018101 -0.000365249 -0.000010623 0.999999881 -0.000265318
0.999999881 0.000338845 0.000340655 -0.000641452 -0.000338343 0.999998808 -0.001474119 -0.000579357 -0.000341153 0.001474004 0.999998808 -0.000197863
1.000000000 0.000141939 0.000196175 -0.000116420 -0.000141616 0.999998569 -0.001643051 -0.000677855 -0.000196407 0.001643023 0.999998569 -0.000177270
0.999999881 0.000246433 0.000411281 -0.000923280 -0.000246010 0.999999404 -0.001028496 -0.000992103 -0.000411534 0.001028394 0.999999344 -0.000419821
1.000000000 0.000065970 0.000170063 -0.000070153 -0.000065847 0.999999702 -0.000726911 0.000069576 -0.000170110 0.000726900 0.999999642 -0.000033840
0.999999940 -0.000359622 0.000114018 -0.000255124 0.000359730 0.999999404 -0.000947465 -0.000049464 -0.000113676 0.000947506 0.999999464 0.000124880
0.999999940 0.000280921 0.000251925 -0.000522523 -0.000280854 0.999999881 -0.000266165 -0.001066158 -0.000251999 0.000266094 0.999999881 -0.000014904
1.000000000 0.000088967 0.000169298 -0.000527902 -0.000088902 0.999999881 -0.000385214 -0.000444995 -0.000169332 0.000385199 0.999999881 -0.000346503
0.999999762 0.000430123 0.000556898 -0.001477447 -0.000429924 0.999999762 -0.000357795 -0.000197882 -0.000557051 0.000357555 0.999999702 -0.000019354
1.000000000 0.000109708 0.000098755 -0.000553494 -0.000109677 0.999999881 -0.000311556 -0.000415503 -0.000098789 0.000311546 0.999999881 -0.000313431
1.000000000 0.000063096 -0.000025690 -0.000264315 -0.000063092 0.999999940 0.000140931 -0.001310122 0.000025700 -0.000140929 0.999999940 -0.000336761
0.999999881 0.000288325 0.000329788 -0.000912427 -0.000288323 0.999999881 -0.000005328 -0.000981291 -0.000329789 0.000005233 0.999999881 -0.000418045
1.000000000 -0.000034767 -0.000091645 0.000041522 0.000034660 0.999999285 -0.001169390 -0.000611586 0.000091686 0.001169386 0.999999225 0.000078398
1.000000000 0.000172947 0.000076743 0.000014535 -0.000172903 0.999999762 -0.000562010 -0.001498250 -0.000076840 0.000561997 0.999999762 -0.000094783
0.999999881 -0.000050590 0.000449430 -0.000719806 0.000050801 0.999999821 -0.000468544 -0.000830075 -0.000449406 0.000468567 0.999999702 0.000131352
1.000000000 -0.000113065 0.000128273 -0.000143201 0.000113097 0.999999881 -0.000253650 -0.001006391 -0.000128243 0.000253665 0.999999881 -0.000051530
0.999999940 0.000236494 0.000221354 -0.000424306 -0.000236267 0.999999404 -0.001026077 0.000191546 -0.000221596 0.001026025 0.999999404 0.000110961
1.000000000 0.000019933 -0.000027340 -0.000570318 -0.000019958 0.999999523 -0.000932325 -0.001640662 0.000027322 0.000932326 0.999999523 -0.000635359
1.000000000 -0.000065157 -0.000115372 -0.000100258 0.000065081 0.999999702 -0.000659644 -0.001279757 0.000115416 0.000659636 0.999999702 -0.000539891
1.000000000 -0.000048799 0.000125569 -0.000570317 0.000048872 0.999999762 -0.000581943 -0.001798827 -0.000125540 0.000581949 0.999999762 -0.000558884
0.999999940 0.000016533 -0.000306403 0.000417690 -0.000017047 0.999998510 -0.001679344 -0.001323681 0.000306375 0.001679350 0.999998510 -0.000586474
0.999999940 -0.000061088 -0.000366769 0.000553206 0.000060343 0.999997854 -0.002031939 -0.001702929 0.000366893 0.002031917 0.999997795 -0.000589939
1.000000000 -0.000136279 -0.000130934 0.000064086 0.000135959 0.999996960 -0.002440367 -0.001155021 0.000131267 0.002440349 0.999996960 -0.000017098
1.000000000 -0.000073898 0.000057784 -0.000360866 0.000074025 0.999997497 -0.002201399 -0.000792886 -0.000057621 0.002201403 0.999997497 -0.000436267
0.999999881 -0.000163971 -0.000453313 0.000666633 0.000163054 0.999997854 -0.002022319 -0.001617546 0.000453644 0.002022245 0.999997795 -0.000629807
0.999999940 -0.000019922 -0.000283139 0.000272885 0.000019143 0.999996185 -0.002749966 -0.000265534 0.000283193 0.002749961 0.999996126 -0.000192252
0.999999881 -0.000391203 -0.000282351 -0.000018819 0.000390544 0.999997139 -0.002330432 -0.000971781 0.000283263 0.002330322 0.999997199 -0.000405996
1.000000000 -0.000057565 -0.000166032 0.000357526 0.000057273 0.999998391 -0.001759664 -0.001656194 0.000166134 0.001759654 0.999998391 -0.000324569
0.999999940 -0.000377136 -0.000030929 0.000197350 0.000377083 0.999998391 -0.001709579 -0.001410626 0.000031574 0.001709568 0.999998450 -0.000582669
0.999999940 0.000373380 0.000051026 0.000158565 -0.000373285 0.999998152 -0.001846858 -0.000916167 -0.000051715 0.001846838 0.999998212 -0.000272503
0.999999940 -0.000197582 -0.000337430 0.000722844 0.000196977 0.999998331 -0.001791161 -0.001776439 0.000337784 0.001791094 0.999998271 -0.001046533
0.999999940 -0.000374952 -0.000132581 -0.000229067 0.000374599 0.999996364 -0.002651400 -0.000852176 0.000133575 0.002651350 0.999996424 -0.000443214
0.999999881 -0.000384095 -0.000241589 0.000154769 0.000383686 0.999998450 -0.001691934 -0.001988758 0.000242239 0.001691841 0.999998450 -0.000683373
1.000000000 0.000166117 -0.000041477 -0.000282037 -0.000166196 0.999998093 -0.001906096 -0.002626822 0.000041161 0.001906103 0.999998152 -0.000755175
0.999999821 -0.000493411 -0.000366296 0.000031796 0.000492680 0.999997854 -0.001993083 -0.001914146 0.000367279 0.001992902 0.999997914 -0.001148181
0.999999702 -0.000751543 -0.000272144 -0.000326993 0.000750873 0.999996662 -0.002450189 -0.001348280 0.000273985 0.002449983 0.999996901 -0.000373071
0.999999464 -0.000774285 -0.000669268 0.000155788 0.000772513 0.999996126 -0.002644592 -0.001618810 0.000671314 0.002644074 0.999996245 -0.000844147
1.000000000 0.000050814 -0.000223522 -0.000270175 -0.000051371 0.999996841 -0.002491093 -0.002088180 0.000223395 0.002491104 0.999996841 -0.000513243
0.999999404 -0.001084114 -0.000192302 -0.000997587 0.001083640 0.999996364 -0.002447493 -0.000587947 0.000194955 0.002447284 0.999996901 -0.000743938
1.000000000 0.000069000 0.000128941 -0.001000411 -0.000068830 0.999999046 -0.001320542 -0.003536968 -0.000129032 0.001320534 0.999999046 -0.000852721
0.999999762 -0.000706232 -0.000059847 -0.001235455 0.000706086 0.999996841 -0.002393653 -0.002836051 0.000061538 0.002393610 0.999997079 -0.000477987
0.999999285 -0.001074175 -0.000517749 -0.000579576 0.001073313 0.999997973 -0.001662651 -0.003135992 0.000519535 0.001662094 0.999998450 -0.000410695
0.999999881 -0.000470862 -0.000251071 -0.000664092 0.000470332 0.999997616 -0.002107431 -0.002736003 0.000252064 0.002107313 0.999997675 -0.000685300
0.999999046 -0.001203443 -0.000675775 -0.000050965 0.001201428 0.999994814 -0.002973492 -0.001534678 0.000679350 0.002972677 0.999995291 -0.000603520
0.999998808 -0.001136061 -0.001038861 0.000159105 0.001133210 0.999995530 -0.002741276 -0.002158479 0.001041971 0.002740095 0.999995649 -0.001101540
0.999999821 -0.000579167 -0.000106857 0.000005280 0.000578783 0.999993443 -0.003557670 -0.002827429 0.000108917 0.003557607 0.999993622 -0.001049279
0.999998152 -0.001469672 0.001254931 0.000243506 0.001474779 0.999990523 -0.004078591 -0.003754877 -0.001248924 0.004080434 0.999990821 -0.000634556
0.999991715 -0.001600534 0.003748293 -0.000077890 0.001622210 0.999981880 -0.005787160 -0.004170129 -0.003738962 0.005793192 0.999976158 -0.001053970
0.999974191 -0.002906032 0.006573434 -0.001248034 0.002964489 0.999955952 -0.008900777 -0.007653295 -0.006547278 0.008920033 0.999938726 0.000283447
0.999963880 -0.004468653 0.007229682 -0.000619561 0.004571994 0.999886632 -0.014341255 -0.009157487 -0.007164776 0.014373790 0.999870956 0.002964600
0.999937892 -0.007531369 0.008216455 -0.001696028 0.007728347 0.999676943 -0.024211219 -0.014179053 -0.008031456 0.024273213 0.999673069 0.006066038
0.999909997 -0.010492833 0.008361750 -0.001505495 0.010772781 0.999357939 -0.034169305 -0.021044284 -0.007997848 0.034256309 0.999381006 0.010004645
0.999855697 -0.014006066 0.009612108 -0.006044270 0.014415384 0.998930752 -0.043925241 -0.040984545 -0.008986610 0.044057466 0.998988509 0.016816447
0.999799788 -0.018118514 0.008488928 -0.007668688 0.018533101 0.998495102 -0.051613811 -0.056744482 -0.007540988 0.051760804 0.998631001 0.019184574
0.999765635 -0.020101158 0.008042015 -0.010922696 0.020531675 0.998127639 -0.057615247 -0.074321240 -0.006868824 0.057766858 0.998306394 0.022134164
0.999729395 -0.022422941 0.006192429 -0.011692300 0.022783898 0.997547925 -0.066173621 -0.091779523 -0.004693436 0.066296801 0.997788846 0.023990750
0.999711752 -0.023242317 0.006015532 -0.013805122 0.023595106 0.997448742 -0.067373171 -0.113425970 -0.004434276 0.067495689 0.997709632 0.024648599
0.999758482 -0.020809302 0.007065540 -0.015862966 0.021261549 0.997215152 -0.071482822 -0.147985682 -0.005558356 0.071615785 0.997416735 0.025850233
0.999786198 -0.019391909 0.007175162 -0.017253116 0.019845126 0.997372270 -0.069675341 -0.161034301 -0.005805169 0.069802836 0.997543871 0.030100618
0.999799848 -0.018436832 0.007766087 -0.019598313 0.018932868 0.997397900 -0.069561653 -0.168584228 -0.006463382 0.069694765 0.997547388 0.034821786
0.999821126 -0.017377665 0.007468012 -0.019263441 0.017852582 0.997449934 -0.069099769 -0.168827504 -0.006248175 0.069220737 0.997581720 0.040488798
0.999848485 -0.015286108 0.008330395 -0.021637855 0.015818056 0.997556269 -0.068052843 -0.166031718 -0.007269775 0.068174303 0.997646868 0.047336902
0.999858022 -0.015283211 0.007099780 -0.021896025 0.015708910 0.997801960 -0.064377114 -0.159924313 -0.006100285 0.064479508 0.997900307 0.059556544
0.999839127 -0.016433928 0.007190560 -0.024112642 0.016850144 0.997917235 -0.062266778 -0.157520831 -0.006152296 0.062377919 0.998033583 0.065273821
0.999809563 -0.018607425 0.005878593 -0.024939282 0.018933075 0.997939408 -0.061305072 -0.158130080 -0.004725750 0.061404701 0.998101711 0.069626957
0.999807477 -0.018754309 0.005766487 -0.027011501 0.019058499 0.998121500 -0.058224779 -0.159322456 -0.004663689 0.058323469 0.998286784 0.072845235
0.999832809 -0.017603146 0.004953435 -0.026936824 0.017861160 0.998154163 -0.058044512 -0.160846308 -0.003922525 0.058123279 0.998301625 0.078262985
0.999828815 -0.017824130 0.004959651 -0.026773889 0.018073194 0.998279572 -0.055777214 -0.165780634 -0.003956938 0.055857304 0.998430848 0.079736158
0.999845803 -0.017032484 0.004267978 -0.026993655 0.017238827 0.998382270 -0.054180376 -0.171172410 -0.003338247 0.054245599 0.998521984 0.079638079
0.999838114 -0.017288787 0.004980562 -0.028138287 0.017541762 0.998262286 -0.056254841 -0.172411188 -0.003999329 0.056333106 0.998403966 0.079683304
0.999815643 -0.018716451 0.004280217 -0.026697364 0.018924989 0.998284340 -0.055408869 -0.183253348 -0.003235816 0.055479657 0.998454511 0.077714890
0.999819279 -0.018615438 0.003862049 -0.025611846 0.018793769 0.998423040 -0.052897517 -0.191867754 -0.002871247 0.052960537 0.998592436 0.077363819
0.999814272 -0.018816732 0.004162390 -0.025059992 0.019006858 0.998482168 -0.051690649 -0.197369665 -0.003183423 0.051760163 0.998654425 0.074329816
0.999826193 -0.018089462 0.004512281 -0.024485003 0.018280284 0.998745620 -0.046614040 -0.202976972 -0.003663397 0.046688423 0.998902738 0.072932281
0.999832571 -0.017938133 0.003620088 -0.021440322 0.018004905 0.999650717 -0.019343326 -0.216799542 -0.003271840 0.019405264 0.999806285 0.069172144
0.999915481 -0.011245755 0.006525591 -0.021761995 0.011289830 0.999913394 -0.006757386 -0.220301196 -0.006449034 0.006830488 0.999955833 0.067189552
0.999953985 -0.005559394 0.007821199 -0.019501541 0.005540943 0.999981761 0.002378683 -0.231223285 -0.007834279 -0.002335236 0.999966502 0.066229150
0.999923170 0.003286828 0.011951490 -0.020025522 -0.003349512 0.999980688 0.005228666 -0.239404306 -0.011934073 -0.005268296 0.999914825 0.066450305
0.999675274 0.019586738 0.016299300 -0.016803820 -0.019587155 0.999808073 -0.000133951 -0.259099066 -0.016298793 -0.000185350 0.999867082 0.071598582
0.999499381 0.024952386 0.019452021 -0.018908307 -0.024809189 0.999663472 -0.007568328 -0.266380340 -0.019634321 0.007081950 0.999782085 0.074137025
0.999304354 0.028483152 0.024073930 -0.021047065 -0.028168777 0.999514639 -0.013298466 -0.276429027 -0.024441028 0.012611081 0.999621689 0.076849885
0.999415457 0.009895808 0.032723442 -0.023793472 -0.009269151 0.999771714 -0.019246643 -0.302365720 -0.032906432 0.018932074 0.999279082 0.086134791
0.999126077 -0.000477224 0.041794065 -0.029039027 0.001281641 0.999814272 -0.019222498 -0.321550846 -0.041777123 0.019259263 0.998941243 0.094433233
0.997043669 -0.025224917 0.072577976 -0.037632748 0.027068326 0.999332547 -0.024528451 -0.347530067 -0.071910806 0.026420504 0.997061074 0.108704172
0.995082796 -0.037398845 0.091714740 -0.039786600 0.039887197 0.998880088 -0.025449598 -0.361064941 -0.090660237 0.028982708 0.995460093 0.115826301
0.989042342 -0.059017297 0.135322288 -0.045025486 0.062888131 0.997719646 -0.024506778 -0.377692938 -0.133567393 0.032748412 0.990498543 0.131734431
0.980649412 -0.077215530 0.179901466 -0.049239956 0.082848094 0.996273100 -0.023997474 -0.394619167 -0.177378029 0.038437605 0.983391941 0.149049968
0.972741306 -0.091093391 0.213251814 -0.051881216 0.098133102 0.994915664 -0.022639334 -0.411649793 -0.210105300 0.042949285 0.976734936 0.166365951
0.968834281 -0.094927251 0.228798553 -0.057856698 0.101880275 0.994619966 -0.018743763 -0.423362821 -0.225788325 0.041469663 0.973293304 0.175176159
0.962644458 -0.100893587 0.251268983 -0.065023363 0.109329239 0.993808150 -0.019804709 -0.435278952 -0.247715056 0.046535950 0.967714667 0.192633972
0.959883749 -0.103883259 0.260444283 -0.067581177 0.112561837 0.993470728 -0.018588670 -0.442937076 -0.256812781 0.047159053 0.965309918 0.202049583
0.953081429 -0.113268726 0.280723989 -0.072218418 0.122039095 0.992427826 -0.013900246 -0.454991311 -0.277023882 0.047507372 0.959687889 0.220283717
0.948884428 -0.118184768 0.292661190 -0.074885279 0.126657546 0.991895020 -0.010102016 -0.461232573 -0.289095283 0.046653390 0.956162870 0.226929098
0.937257946 -0.129076883 0.323862195 -0.082134351 0.136286005 0.990669310 0.000424214 -0.480812460 -0.320895135 0.043740287 0.946104169 0.248214960
0.930235565 -0.135315910 0.341103554 -0.080817461 0.142990097 0.989720523 0.002669170 -0.483263642 -0.337958336 0.046291467 0.940021932 0.255903184
0.911111534 -0.149021879 0.384276450 -0.084820911 0.155853391 0.987687945 0.013498790 -0.496638894 -0.381556839 0.047591887 0.923119366 0.278075159
0.886501908 -0.166568443 0.431705117 -0.084323399 0.173191532 0.984589636 0.024245471 -0.503830612 -0.429090947 0.053274028 0.901688933 0.301262438
0.872399092 -0.176464647 0.455829144 -0.084350444 0.183532402 0.982581973 0.029128175 -0.503158152 -0.453029573 0.058248028 0.889590561 0.310512722
0.839850545 -0.196370944 0.506052852 -0.083988011 0.202873975 0.978263855 0.042917930 -0.509315133 -0.503481090 0.066620320 0.861434042 0.337551415
0.822583377 -0.204861283 0.530460656 -0.084204145 0.209912568 0.976359904 0.051554687 -0.512776434 -0.528482080 0.068942338 0.846140444 0.350431621
0.786199868 -0.223650470 0.576081872 -0.084119901 0.230082661 0.971128702 0.063016087 -0.508452058 -0.573543191 0.083003238 0.814959228 0.379375309
0.766307056 -0.235392928 0.597799063 -0.085060686 0.238849893 0.968152046 0.075048260 -0.519524217 -0.596426189 0.085274212 0.798125386 0.393362582
0.749613464 -0.239968061 0.616842747 -0.080206096 0.244654924 0.966415405 0.078645930 -0.513655603 -0.614998698 0.091959551 0.783147454 0.406151235
0.711761773 -0.254690558 0.654620409 -0.078400582 0.257471740 0.961682081 0.094211511 -0.518375337 -0.653531492 0.101490088 0.750064254 0.438465983
0.692266107 -0.261817157 0.672472715 -0.079012245 0.263040632 0.959302187 0.102707028 -0.520269215 -0.671994925 0.105787031 0.732960999 0.453479528
0.649650514 -0.276596636 0.708130240 -0.079489127 0.273688436 0.954102278 0.121587232 -0.527427375 -0.709259272 0.114817835 0.695534348 0.492646217
0.629547119 -0.281148374 0.724310696 -0.078819528 0.275882602 0.952375174 0.129885688 -0.525868058 -0.726332605 0.118055552 0.677129090 0.507701695
0.586828589 -0.293421298 0.754676163 -0.077491343 0.286509156 0.946979702 0.145403013 -0.527953506 -0.757327318 0.130895019 0.639782608 0.543702841
0.544567347 -0.300578386 0.783006251 -0.073378146 0.295588225 0.942457199 0.156211421 -0.528076887 -0.784903765 0.146379814 0.602078795 0.580416501
0.522609472 -0.303839505 0.796593249 -0.072086692 0.301736146 0.939784467 0.160500303 -0.529636562 -0.797392190 0.156481981 0.582819641 0.600678682
0.480419904 -0.312661409 0.819414198 -0.065819427 0.317302227 0.932970405 0.169957384 -0.532255709 -0.817628205 0.178351045 0.547425628 0.638715446
0.457387328 -0.318023086 0.830456555 -0.066114545 0.324446201 0.929171085 0.177131742 -0.533569396 -0.827968121 0.188420653 0.528172493 0.662432492
0.413466126 -0.321174562 0.851993263 -0.062196359 0.331707925 0.924550891 0.187550962 -0.533492208 -0.847947717 0.205066964 0.488806725 0.704890966
0.390565634 -0.323806435 0.861746967 -0.059548110 0.336455345 0.921544850 0.193785682 -0.531638741 -0.856887519 0.214253336 0.468870193 0.725431204
0.345187902 -0.328490347 0.879169703 -0.057725370 0.346845388 0.915081799 0.205726653 -0.534900546 -0.872091532 0.233921602 0.429810464 0.765137494
0.321208060 -0.332016796 0.886899114 -0.055498466 0.353206992 0.910951793 0.213100091 -0.536061823 -0.878675163 0.244809493 0.409875751 0.787531078
0.276020676 -0.335444748 0.900716007 -0.052262455 0.367774189 0.902665198 0.223467678 -0.535676718 -0.888005972 0.269578397 0.372522175 0.826220334
0.254542470 -0.336986959 0.906447947 -0.050504684 0.372831523 0.899058580 0.229543775 -0.536033034 -0.892302990 0.279523700 0.354487956 0.840860367
0.230114877 -0.337358385 0.912817717 -0.050186425 0.378259748 0.895241082 0.235505775 -0.534531116 -0.896641731 0.291088790 0.333617419 0.864691973
0.188480645 -0.342000574 0.920603454 -0.048009172 0.381706238 0.889213502 0.252190262 -0.537229717 -0.904862046 0.303867072 0.298143208 0.895035863
0.167092815 -0.346732825 0.922960639 -0.048213892 0.382440895 0.885620534 0.263467968 -0.537247121 -0.908745766 0.308954239 0.280585647 0.913032711
0.128342003 -0.356522053 0.925429881 -0.047913998 0.377695888 0.880395412 0.286792248 -0.535960436 -0.916991889 0.312723517 0.247648612 0.939272165
0.096407346 -0.365677059 0.925735295 -0.048798967 0.371464044 0.876088560 0.307381213 -0.533778012 -0.923428416 0.314243644 0.220297277 0.965346873
0.083679706 -0.367496789 0.926252544 -0.047907390 0.368651092 0.874982536 0.313850313 -0.533613026 -0.925793707 0.315201133 0.208696380 0.980991483
0.067416087 -0.365787983 0.928253353 -0.046792474 0.369404435 0.873402774 0.317344934 -0.532597065 -0.926819980 0.321506739 0.194005147 1.007409692
0.061726928 -0.363508463 0.929543734 -0.046359234 0.368146330 0.873943567 0.317318439 -0.533472717 -0.927716494 0.322620928 0.187770158 1.020703316
0.054779254 -0.358295023 0.931999922 -0.043992221 0.370613605 0.874019444 0.314222008 -0.532883823 -0.927170277 0.328199059 0.180667192 1.046251059
0.053189680 -0.361214280 0.930964649 -0.043579586 0.371667773 0.872465074 0.317281663 -0.531190217 -0.926840782 0.329133421 0.180657893 1.060187578
0.052825816 -0.370077878 0.927497625 -0.039633982 0.373979449 0.868533909 0.325250804 -0.529134274 -0.925931215 0.329683483 0.184282541 1.088206768
0.053379111 -0.374458909 0.925705791 -0.037829723 0.377380997 0.865842342 0.328482449 -0.530065656 -0.924518347 0.331809670 0.187531561 1.101494670
0.057720907 -0.380351752 0.923038960 -0.032453202 0.392647684 0.858716428 0.329293042 -0.528340638 -0.917875826 0.343422025 0.198910117 1.123850703
0.060451776 -0.382859111 0.921826720 -0.027481426 0.401709855 0.854758203 0.328660339 -0.527655303 -0.913769424 0.350438774 0.205469906 1.133892179
0.066813514 -0.380521327 0.922355473 -0.015725471 0.403121889 0.855907261 0.323906541 -0.525959313 -0.912703991 0.350180298 0.210582614 1.152337909
0.069192640 -0.376264870 0.923924923 -0.011049040 0.396872669 0.860083461 0.320544004 -0.523108423 -0.915261865 0.344501257 0.208840728 1.163413167
0.077401675 -0.369861722 0.925857067 0.004353136 0.379562020 0.869644821 0.315674663 -0.522732079 -0.921922684 0.326986462 0.207697451 1.175499558
0.086194500 -0.360993862 0.928576410 0.021045960 0.365515888 0.878509939 0.307601213 -0.518190980 -0.926805496 0.312895864 0.207671732 1.186718822
0.089425810 -0.360745072 0.928367436 0.031487383 0.361339599 0.880348086 0.307279438 -0.522356212 -0.928136051 0.307977229 0.209077358 1.192962646
0.090348229 -0.352495462 0.931442022 0.045289151 0.354846656 0.885279477 0.300606191 -0.516813874 -0.930548668 0.303359866 0.205065280 1.201716185
0.084588900 -0.347642720 0.933803618 0.053320065 0.354341269 0.886397302 0.297895849 -0.515749633 -0.931282401 0.305686444 0.198163554 1.206984043
0.059809171 -0.336084813 0.939930797 0.070742399 0.361606807 0.884955466 0.293418139 -0.517656565 -0.930410326 0.322336286 0.174459010 1.218483806
0.041662648 -0.328430206 0.943608999 0.080284238 0.370477200 0.882181585 0.290692568 -0.520508647 -0.927906632 0.337474614 0.158429980 1.221129060
-0.000497445 -0.316052765 0.948741555 0.094954699 0.377524137 0.878475010 0.292843044 -0.519297659 -0.925999522 0.358318508 0.118880585 1.225790739
-0.024786830 -0.317097217 0.948069036 0.102564022 0.377546430 0.875158727 0.302581966 -0.521754265 -0.925658762 0.365440160 0.098026559 1.230708838
-0.067227498 -0.327803373 0.942351043 0.109408036 0.384438336 0.863050699 0.327644140 -0.524851918 -0.920699477 0.384302467 0.067999482 1.231298685
-0.085795939 -0.335140079 0.938253820 0.111397639 0.389417946 0.855532110 0.341201454 -0.529218972 -0.917056501 0.394646585 0.057108372 1.233925939
-0.114528254 -0.355283767 0.927715838 0.113359608 0.394972712 0.840591490 0.370678216 -0.551406384 -0.911526084 0.408875585 0.044055969 1.234897971
-0.124198541 -0.361239344 0.924165010 0.115144655 0.397642821 0.835197091 0.379902661 -0.562252700 -0.909095585 0.414670914 0.039914027 1.230780840
-0.136252671 -0.369806826 0.919063807 0.120853841 0.402279288 0.827133834 0.392455220 -0.598986447 -0.905321240 0.423193365 0.036066443 1.214095712
-0.141891778 -0.370242059 0.918034673 0.123600222 0.404519200 0.824756920 0.395145923 -0.617315590 -0.903454959 0.427430540 0.032743782 1.207765341
-0.144669443 -0.373797536 0.916158378 0.128391922 0.406249732 0.821823418 0.399458826 -0.639382243 -0.902237117 0.429978579 0.032962412 1.191712022
-0.151477903 -0.374131680 0.914920688 0.138920009 0.403352052 0.821636379 0.402766228 -0.676060677 -0.902419686 0.430045336 0.026447088 1.169970989
-0.153403118 -0.370810777 0.915951312 0.142689019 0.402415037 0.823137641 0.400632679 -0.685408950 -0.902512908 0.430050850 0.022947967 1.155259848
-0.154542759 -0.373322368 0.914738774 0.152007639 0.383137941 0.830762744 0.403780282 -0.712452948 -0.910671055 0.412872404 0.014645636 1.125983834
-0.156270891 -0.377301306 0.912810683 0.159335032 0.371487230 0.833857000 0.408264309 -0.724876881 -0.915192127 0.402897269 0.009855062 1.115476489
-0.153944999 -0.379254699 0.912396252 0.167659745 0.355767280 0.840195060 0.409270078 -0.737657547 -0.921808243 0.387605816 0.005582631 1.079047084
-0.154915109 -0.381072342 0.911474228 0.174918368 0.351481736 0.840986967 0.411341012 -0.748408020 -0.923288584 0.384089470 0.003658354 1.067130446
-0.157626718 -0.382598490 0.910369337 0.185263947 0.353599131 0.838897526 0.413785517 -0.760192394 -0.922020257 0.387129456 0.003053933 1.055694342
-0.158184037 -0.383571595 0.909862995 0.199639440 0.363313794 0.834211171 0.414842963 -0.773824930 -0.918139875 0.396187305 0.007397979 1.025970101
-0.157470867 -0.382470965 0.910449862 0.204629540 0.362466902 0.835216880 0.413558364 -0.778659940 -0.918597102 0.395131320 0.007110745 1.011556506
-0.158322439 -0.383254588 0.909972489 0.233400762 0.356792986 0.837117910 0.414647222 -0.793939710 -0.920669675 0.390319794 0.004207999 0.986766040
-0.158835262 -0.382633209 0.910144687 0.244430915 0.353544652 0.838673770 0.414285600 -0.803671122 -0.921833754 0.387579948 0.002067029 0.973734617
-0.160928980 -0.377463013 0.911933899 0.271014810 0.347932428 0.842962265 0.410314113 -0.810767889 -0.923604369 0.383322775 -0.004325488 0.950625956
-0.164668545 -0.373653352 0.912834823 0.285053372 0.348710269 0.843648612 0.408237845 -0.815094352 -0.922651231 0.385538727 -0.008625686 0.937823296
-0.182547718 -0.356702238 0.916209519 0.315379232 0.347808212 0.848184109 0.399516374 -0.824800193 -0.919622540 0.391595960 -0.030770119 0.913220942
-0.195757970 -0.349417776 0.916289270 0.330259174 0.346474051 0.849462986 0.397955567 -0.828673840 -0.917406380 0.395373404 -0.045224935 0.902919173
-0.220849037 -0.355312258 0.908283472 0.359286129 0.341865510 0.843991995 0.413286477 -0.832000017 -0.913429558 0.401784688 -0.064925835 0.881089926
-0.231116354 -0.362459004 0.902889013 0.372526944 0.337760329 0.840406537 0.423833579 -0.832732677 -0.912416101 0.402915031 -0.071807452 0.871347189
-0.249137312 -0.371894151 0.894217789 0.401482254 0.330112338 0.835427642 0.439416319 -0.837299168 -0.910470307 0.404667288 -0.085369334 0.854003191
-0.256528616 -0.373196572 0.891581357 0.416285545 0.328728020 0.833770871 0.443580985 -0.839399934 -0.908917487 0.406878948 -0.091205925 0.844903529
-0.268734545 -0.368560314 0.889912963 0.449417055 0.322248787 0.836258948 0.443651557 -0.845177293 -0.907710016 0.405997872 -0.105963558 0.831455231
-0.273211002 -0.360337555 0.891915083 0.466279387 0.321184039 0.839811742 0.437672377 -0.847468257 -0.906750500 0.406045794 -0.113711141 0.824019849
-0.280412465 -0.346062958 0.895326376 0.497914553 0.322100431 0.844741404 0.427391261 -0.856071711 -0.904223442 0.408230782 -0.125409052 0.811911643
-0.283418506 -0.343273729 0.895453513 0.518717408 0.322236240 0.845361233 0.426061243 -0.864666879 -0.903237283 0.409301221 -0.128975794 0.808138967
-0.286517322 -0.335798800 0.897299767 0.550541341 0.335987896 0.841868222 0.422338903 -0.871333838 -0.897229016 0.422489285 -0.128385469 0.798916221
-0.291141331 -0.333057135 0.896833122 0.564932525 0.344226062 0.838187575 0.423024893 -0.878853679 -0.892605722 0.431873292 -0.129384130 0.794945002
-0.310385853 -0.327493370 0.892417312 0.596532881 0.358604133 0.829085469 0.428975970 -0.885971129 -0.880376875 0.453172594 -0.139895946 0.786453664
-0.325294703 -0.327665478 0.887028039 0.615165770 0.362364680 0.823243737 0.436991632 -0.897545993 -0.873427272 0.463578671 -0.149062455 0.781262636
-0.361453384 -0.320924163 0.875419438 0.646913648 0.365531445 0.814965367 0.449686885 -0.908416331 -0.857751787 0.482534081 -0.177264124 0.764016449
-0.380589306 -0.316136688 0.869027793 0.658263564 0.361653447 0.814018726 0.454510957 -0.912310183 -0.851092517 0.487268925 -0.195474893 0.750520170
-0.427182376 -0.305406034 0.851024270 0.683536947 0.346547306 0.814043343 0.466088474 -0.923663497 -0.835116863 0.494024843 -0.241907313 0.730231881
-0.478444517 -0.293180376 0.827729464 0.704724729 0.327975780 0.814738572 0.478155822 -0.931180120 -0.814568996 0.500246227 -0.293651104 0.706994355
-0.504108310 -0.285826802 0.814971149 0.716511846 0.320819378 0.814146519 0.483983666 -0.935927749 -0.801841378 0.505438626 -0.318719268 0.695444703
-0.544641256 -0.275735617 0.792045355 0.734184384 0.310276806 0.811150372 0.495745182 -0.940378785 -0.779162467 0.515756488 -0.356231630 0.673406482
-0.560332000 -0.274359256 0.781508148 0.742924333 0.305023968 0.808879614 0.502667010 -0.941237569 -0.770057321 0.520039141 -0.369554967 0.662212849
-0.583209395 -0.273271471 0.764976859 0.751856267 0.295742273 0.805658519 0.513274550 -0.937236547 -0.756573379 0.525582433 -0.389049679 0.644376159
-0.591777921 -0.273845375 0.758160591 0.759106040 0.291554630 0.804142654 0.518025398 -0.932520807 -0.751528144 0.527601182 -0.396033078 0.639747024
-0.602084517 -0.270401925 0.751250267 0.767482698 0.291808039 0.801292717 0.522281587 -0.913252354 -0.743197322 0.533678472 -0.403540462 0.633218825
-0.606096387 -0.267764390 0.748965502 0.773626745 0.293883562 0.799610376 0.523694277 -0.901821077 -0.739107251 0.537517846 -0.405949354 0.620211363
-0.606968284 -0.265403539 0.749099731 0.776962638 0.297067732 0.798490822 0.523605824 -0.902408481 -0.737116098 0.540345430 -0.405815780 0.612324238
-0.606492639 -0.265083879 0.749598026 0.779457092 0.298095733 0.798203826 0.523459196 -0.906330347 -0.737092614 0.540926039 -0.405084401 0.593398094
-0.606041253 -0.269965678 0.748219609 0.782919824 0.292417884 0.799161255 0.525198042 -0.909243882 -0.739733517 0.537084341 -0.405381858 0.583516181
-0.605064988 -0.278054267 0.746044397 0.780334890 0.283015072 0.800720870 0.527966440 -0.912804484 -0.744176567 0.530595779 -0.405794591 0.562966466
-0.607736886 -0.282742530 0.742100120 0.779341102 0.274787515 0.801876366 0.530552506 -0.911685944 -0.745082319 0.526356101 -0.409635723 0.554935038
-0.618633866 -0.286781162 0.731470227 0.776261985 0.263974994 0.801014662 0.537301242 -0.895518243 -0.740006328 0.525482535 -0.419831753 0.542982280
-0.626418829 -0.289027572 0.723921597 0.775548637 0.260180473 0.797924817 0.543711245 -0.890772820 -0.734782696 0.528941154 -0.424635857 0.535520792
-0.643435717 -0.290037096 0.708427012 0.771292150 0.249298573 0.795598090 0.552153707 -0.852318406 -0.723768294 0.531885266 -0.439610362 0.527490020
-0.651424885 -0.291942984 0.700296283 0.769832611 0.242420554 0.794532657 0.556731582 -0.841500580 -0.718942165 0.532435000 -0.446805328 0.523579478
-0.668808699 -0.292240113 0.683586597 0.770643234 0.231226921 0.792122245 0.564868450 -0.805593789 -0.706561387 0.535852611 -0.462204456 0.521072626
-0.678906441 -0.290994257 0.674098253 0.768831730 0.224621266 0.791772485 0.568015337 -0.786229849 -0.699021637 0.537046015 -0.472175956 0.518876553
-0.703531444 -0.287221014 0.650036573 0.768777609 0.215789199 0.785164535 0.580475390 -0.755552828 -0.677110374 0.548653483 -0.490408719 0.518308997
-0.729931712 -0.280343026 0.623383939 0.772293985 0.208047718 0.777622104 0.593312740 -0.718348742 -0.651088238 0.562771320 -0.509286284 0.515550733
-0.742932260 -0.276826233 0.609441340 0.778485298 0.203170300 0.774262786 0.599365354 -0.693621159 -0.637787819 0.569108307 -0.518982053 0.517853379
-0.761757731 -0.273247957 0.587418556 0.786655784 0.197321743 0.765769422 0.612095654 -0.654948294 -0.617081106 0.582179129 -0.529413223 0.521009088
-0.771846592 -0.269605666 0.575817227 0.798599601 0.192493439 0.764053941 0.615765989 -0.618306816 -0.605969489 0.586117983 -0.537835240 0.525025189
-0.774658382 -0.262194663 0.575463474 0.812879384 0.196917623 0.764738619 0.613512933 -0.590601802 -0.600939095 0.588581800 -0.540780544 0.523371816
-0.773731947 -0.262565523 0.576539874 0.822193980 0.198582053 0.763680041 0.614294469 -0.581337512 -0.601584673 0.589789748 -0.538742900 0.520671368
-0.768652081 -0.263560593 0.582846403 0.840828776 0.202257723 0.764283836 0.612341285 -0.570877731 -0.606849074 0.588562608 -0.534161210 0.512791455
-0.759924769 -0.266442478 0.592893600 0.865333617 0.203298494 0.768944204 0.606130600 -0.570598125 -0.617401123 0.581147969 -0.530172467 0.498762906
-0.754876375 -0.272386074 0.596630096 0.877086997 0.203115389 0.767869890 0.607552350 -0.572882056 -0.623623192 0.579811811 -0.524321139 0.490734011
-0.745679796 -0.281760186 0.603798628 0.903379202 0.207622349 0.762816906 0.612374961 -0.582841277 -0.633130729 0.581997812 -0.510317564 0.475487500
-0.742082775 -0.285590947 0.606424630 0.918366909 0.210402295 0.759728909 0.615258038 -0.587321579 -0.636430502 0.584165514 -0.503692985 0.468545288
-0.736715674 -0.288122982 0.611747563 0.950314105 0.222835794 0.750701904 0.621924937 -0.591904461 -0.638431013 0.594501197 -0.488849789 0.451687038
-0.733688474 -0.284376919 0.617114961 0.987789750 0.226390213 0.754010499 0.616616189 -0.595093727 -0.640662551 0.592113078 -0.488828778 0.435744673
-0.732903838 -0.277906865 0.620982885 1.005344868 0.230638728 0.757219970 0.611083925 -0.596079111 -0.640045047 0.591088414 -0.490873426 0.422453076
-0.734172881 -0.269931704 0.622998357 1.046083450 0.231515646 0.763055801 0.603445232 -0.593679667 -0.638271630 0.587267160 -0.497721463 0.404957324
-0.735130250 -0.266335338 0.623417258 1.066444039 0.228886709 0.768086016 0.598042309 -0.592661560 -0.638117909 0.582330942 -0.503682613 0.395758867
-0.737497747 -0.255019486 0.625349581 1.111371517 0.234211326 0.771918595 0.591004789 -0.583887577 -0.633436739 0.582328677 -0.509559751 0.376921415
-0.738904774 -0.253409445 0.624342263 1.131195784 0.235778660 0.770767391 0.591883183 -0.581895888 -0.631211638 0.584551930 -0.509775281 0.366728991
